12
apoH4      0.0000000 0.0340727 0.1062499 0.0787106 0.1547181 0.1352208 0.1352208 0.0167002 0.1299525 0.1632209 0.2201891 6.8155624 
gwiH5      0.0340727 0.0000000 0.1223837 0.0703456 0.1728004 0.1668592 0.1668592 0.0164915 0.1613223 0.1620869 0.2364802 6.7967773 
ecalH5     0.1062499 0.1223837 0.0000000 0.1396838 0.0983001 0.0741945 0.0741945 0.1141176 0.0805903 0.1113700 0.1991344 7.2597670 
dclH2      0.0787106 0.0703456 0.1396838 0.0000000 0.2077768 0.1729179 0.1729179 0.0587162 0.1649748 0.1636713 0.2315430 6.5429271 
gseH1      0.1547181 0.1728004 0.0983001 0.2077768 0.0000000 0.1089713 0.1089713 0.1634000 0.1156286 0.0862709 0.1919152 7.3101446 
aruH9      0.1352208 0.1668592 0.0741945 0.1729179 0.1089713 0.0000000 0.0000010 0.1437247 0.0109640 0.1228800 0.1880831 7.4151383 
aruH11     0.1352208 0.1668592 0.0741945 0.1729179 0.1089713 0.0000010 0.0000000 0.1437247 0.0109640 0.1228800 0.1880831 7.4151383 
oauH7      0.0167002 0.0164915 0.1141176 0.0587162 0.1634000 0.1437247 0.1437247 0.0000000 0.1383810 0.1395948 0.2083971 6.7732281 
pspH2      0.1299525 0.1613223 0.0805903 0.1649748 0.1156286 0.0109640 0.0109640 0.1383810 0.0000000 0.1296487 0.1788072 7.4097668 
sboH2      0.1632209 0.1620869 0.1113700 0.1636713 0.0862709 0.1228800 0.1228800 0.1395948 0.1296487 0.0000000 0.1381502 7.3224786 
bboH1      0.2201891 0.2364802 0.1991344 0.2315430 0.1919152 0.1880831 0.1880831 0.2083971 0.1788072 0.1381502 0.0000000 7.7583192 
bcoC1      6.8155624 6.7967773 7.2597670 6.5429271 7.3101446 7.4151383 7.4151383 6.7732281 7.4097668 7.3224786 7.7583192 0.0000000 
