6
lchH1      0.0000000 0.1045534 0.1013155 0.1107635 0.1330481 2.0994635 
aliH5      0.1045534 0.0000000 0.1120510 0.0318892 0.0588481 2.0284277 
npaH3      0.1013155 0.1120510 0.0000000 0.1124122 0.1297645 2.0503008 
aocH4      0.1107635 0.0318892 0.1124122 0.0000000 0.0482777 1.9335609 
dlaH7      0.1330481 0.0588481 0.1297645 0.0482777 0.0000000 1.9122398 
fcaC1      2.0994635 2.0284277 2.0503008 1.9335609 1.9122398 0.0000000 
